Input: 
1.000 4.000 5.000 0.000 3.000 
5.000 1.000 0.000 5.000 2.000 
4.000 1.000 2.000 5.000 0.000 
0.000 3.000 4.000 0.000 4.000 
______________________
Sim between user:
1.000 0.537 0.606 0.972 
0.537 1.000 0.994 0.984 
0.606 0.994 1.000 0.984 
0.972 0.984 0.984 1.000 
______________________
Output: 
1.000 4.000 5.000 1.921 3.000 
5.000 1.000 2.995 5.000 2.000 
4.000 1.000 2.000 5.000 2.995 
4.500 3.000 4.000 5.000 4.000 
______________________
Sim between item:
1.000 -0.861 -0.997 0.944 -0.641 
-0.861 1.000 0.726 -1.000 0.645 
-0.997 0.726 1.000 -1.000 0.375 
0.944 -1.000 -1.000 1.000 -1.000 
-0.641 0.645 0.375 -1.000 1.000 
______________________
Output: 
1.000 4.000 5.000 1.783 3.000 
5.000 1.000 0.892 5.000 2.000 
4.000 1.000 2.000 5.000 1.208 
1.566 3.000 4.000 1.783 4.000 
______________________
